0 34389.3316841176
 
1 28258.081091356824
 
2 26742.529071316567
 
3 29103.836526658415
 
4 31987.46037454705
 
5 32691.987032570323
 
6 32045.58366657779
 
7 33974.68857039337
 
8 29618.06070017854
 
9 32016.381265747757
 
10 34110.14529143973
 
11 35483.20405254017
 
12 36908.99579588631
 
13 28762.890609123762
 
14 34624.71078840296
 
15 32581.64550493298
 
16 38754.52244984234
 
17 40178.13760269372
 
18 33645.27356609508
 
19 40111.91256211153
 
20 39954.774602005906
 
21 41610.16704681374
 
22 35794.08757015845
 
23 38774.83355634636
 
24 35167.72836310747
 
25 35702.41310123523
 
26 36423.518444740934
 
27 37378.54626173556
 
28 36867.91702259183
 
29 31414.080413742868
 
30 41191.23896672035
 
31 35491.24547382339
 
32 38349.699608762974
 
33 39864.31065705872
 
34 36603.88566412079
 
35 35541.95246738657
 
36 43869.30963867949
 
37 39375.43785439799
 
38 42912.06214795924
 
39 39423.76010729891
 
40 37881.1268261672
 
41 48342.066352959155
 
42 38142.535749812014
 
43 46029.93445346424
 
44 44174.23817045255
 
45 41070.411621312865
 
46 45490.14538845911
 
47 47381.1569130457
 
48 43158.1506008707
 
49 40839.904672371755
 
50 40370.25697760537
 
51 38884.6513369019
 
52 44314.32165554852
 
53 47879.643268512125
 
54 41131.7608704873
 
55 40698.61371551561
 
56 48139.27631677068
 
57 40930.56343626789
 
58 41749.26123245332
 
59 39146.15536570939
 
60 48690.37545369229
 
61 38725.74117153628
 
62 46563.68456758121
 
63 40262.71911532597
 
64 44430.59826282314
 
65 42075.861593639514
 
66 43056.58249079836
 
67 41406.201860767105
 
68 39608.06707525267
 
69 43326.182796987494
 
70 41984.4822252194
 
71 37447.13037604484
 
72 46052.024087900485
 
73 41232.414321180375
 
74 43344.003635391324
 
75 42459.590019425355
 
76 40308.42213525992
 
77 44471.14999320871
 
78 44530.439381649754
 
79 43047.0008594129
 
80 39209.4448517684
 
81 47253.89195854054
 
82 42950.872122120745
 
83 42294.89948469587
 
84 41021.95375576262
 
85 41085.37666653634
 
86 41847.21026558297
 
87 43063.837931660426
 
88 46679.25351434503
 
89 43549.388237312894
 
90 40598.76009370878
 
91 47512.825438669795
 
92 42708.86713283455
 
93 36878.11080673221
 
94 46020.28360315169
 
95 46688.67872098195
 
96 45682.90387709599
 
97 49209.987050119016
 
98 45377.15175047157
 
99 48487.70779910225
 
0 25205.849634124017
 
1 28956.799488832694
 
2 25936.225534386995
 
3 32357.856636804216
 
4 30833.91217618865
 
5 27533.505028862644
 
6 24380.569252383346
 
7 30738.76722982912
 
8 30827.396514624892
 
9 28721.68771315047
 
10 26984.371431110245
 
11 27939.204318728807
 
12 25063.933454105743
 
13 26842.432697970886
 
14 36389.85586305159
 
15 32739.426195601554
 
16 31808.529624042672
 
17 30958.83464624807
 
18 32684.067976772192
 
19 27757.54347823563
 
20 36203.0209847973
 
21 32344.19847640477
 
22 29753.054972239992
 
23 35945.4418731851
 
24 34266.37900996751
 
25 32518.40628743508
 
26 32591.822218232377
 
27 27828.512601483646
 
28 31578.561743843053
 
29 27866.771851489684
 
30 34423.628372340594
 
31 34044.42008922958
 
32 32148.777121263443
 
33 32459.551777343244
 
34 34122.26216041209
 
35 33129.57453103397
 
36 32526.963523846618
 
37 38509.28037433529
 
38 34651.74587848685
 
39 36491.51108622175
 
40 33423.18934310669
 
41 32835.51413909739
 
42 31904.3692081316
 
43 36965.02925909639
 
44 31489.0826728205
 
45 32538.207985258756
 
46 32320.37470041508
 
47 38450.81097281677
 
48 32943.42190581032
 
49 30801.1919769147
 
50 41218.210583296786
 
51 37333.134167066935
 
52 38174.24985491028
 
53 40413.536777381036
 
54 39816.41605660053
 
55 37149.27027587562
 
56 37033.84287504126
 
57 34776.63283152119
 
58 33270.1830200527
 
59 33523.76643939226
 
60 42404.93803661766
 
61 33884.78371671089
 
62 36089.83086510918
 
63 40766.07806894497
 
64 37395.48255264672
 
65 38917.391892410764
 
66 34868.14471817609
 
67 37211.02521717277
 
68 37852.72570052884
 
69 43859.35690230624
 
70 39938.5858015102
 
71 37780.4997663014
 
72 34583.90897877081
 
73 37777.60767383523
 
74 42574.89171099349
 
75 44880.1530279053
 
76 37509.01156334292
 
77 40400.23985182166
 
78 41634.18469848447
 
79 43050.59986478576
 
80 37332.93455118366
 
81 37464.704822047504
 
82 42919.94756311957
 
83 38483.27517389272
 
84 38059.87571253736
 
85 38177.84575729095
 
86 39032.14246440071
 
87 41907.80521764422
 
88 39214.15901221875
 
89 40373.13226072392
 
90 42021.22649684067
 
91 42175.48573097093
 
92 38593.65721564526
 
93 40882.1108925384
 
94 42824.51271194994
 
95 40863.537455868565
 
96 41759.846103089796
 
97 38902.74816788232
 
98 48038.82862826998
 
99 41009.66605282543
 
0 34794.39158781948
 
1 39152.12454855713
 
2 31672.634084968297
 
3 32110.429340391314
 
4 31672.190291278017
 
5 27491.692526760125
 
6 34464.486227990434
 
7 29994.001498994756
 
8 32793.99857098476
 
9 35233.68435015121
 
10 29783.604548448973
 
11 31802.220897584873
 
12 33903.446714227764
 
13 33826.22885702829
 
14 31798.849196686548
 
15 33726.71701691666
 
16 31403.076923274668
 
17 33711.576699597914
 
18 34046.813028104865
 
19 33595.107286141065
 
20 36690.476035864725
 
21 29662.981962965125
 
22 29859.802097848482
 
23 32992.98809611768
 
24 35885.156202667364
 
25 31987.586316395013
 
26 35407.061053820165
 
27 31914.208038636534
 
28 31507.393930009068
 
29 30866.559388123223
 
30 35739.576786844154
 
31 30996.760019778005
 
32 36931.8860710647
 
33 38364.84958987013
 
34 38181.58203781029
 
35 34991.1566576115
 
36 37462.56824288631
 
37 41617.17742226026
 
38 35241.57809015354
 
39 34580.66997012338
 
40 43006.46774357084
 
41 33826.411476082314
 
42 35619.73177788993
 
43 36636.415925179055
 
44 40622.91224235664
 
45 35173.25883604802
 
46 38529.11210028884
 
47 36936.727905714564
 
48 42171.91118065049
 
49 35602.466867880175
 
50 39161.84250480102
 
51 43428.404041647955
 
52 40867.088635703854
 
53 42312.39701345609
 
54 38461.224476593066
 
55 37489.934565922835
 
56 38946.92147364056
 
57 41348.938464032486
 
58 35319.32335808437
 
59 36435.693842950386
 
60 38056.54852398791
 
61 41573.88683175574
 
62 46158.24359337749
 
63 44594.45432980258
 
64 37944.32521834797
 
65 39433.00177630914
 
66 41028.75556839171
 
67 38129.74686953768
 
68 41220.09144345974
 
69 34728.11905686298
 
70 38027.81321650493
 
71 36996.855031063824
 
72 38869.79968271433
 
73 40759.51378917525
 
74 37217.8500796565
 
75 36091.50035873057
 
76 36478.4096203325
 
77 36558.76537816792
 
78 41495.46475310728
 
79 42087.779388036135
 
80 37600.741750047535
 
81 40630.94143261816
 
82 39582.86766070538
 
83 35289.14994666703
 
84 41581.90056165368
 
85 44076.778119624134
 
86 47753.99621852477
 
87 43280.06387793518
 
88 42167.229961478944
 
89 42372.10632510706
 
90 39962.695198054826
 
91 41830.5829588052
 
92 41318.8627393373
 
93 43304.58297943455
 
94 38579.20888625153
 
95 35273.786027281516
 
96 34693.62686446872
 
97 40982.3951881534
 
98 38673.770943184354
 
99 40298.57522589157
 
0 27686.99621475553
 
1 32389.527458180622
 
2 28708.94282105074
 
3 34574.33464425908
 
4 34812.79690841993
 
5 35545.396890008196
 
6 26996.760224934264
 
7 32241.294763190857
 
8 32019.881163922033
 
9 33064.952154892475
 
10 28513.58136794513
 
11 33534.87404848795
 
12 35834.853431351425
 
13 34988.90784831422
 
14 36565.70276143291
 
15 34281.750652916395
 
16 35476.751699373795
 
17 38819.68133096703
 
18 40675.21502529895
 
19 38155.97017099259
 
20 36243.50604710353
 
21 41870.460160063405
 
22 39703.35261358826
 
23 46575.794885019284
 
24 41234.29273287175
 
25 39630.678942656166
 
26 36706.65924001995
 
27 40565.01243061365
 
28 41667.27121204319
 
29 41603.196595266934
 
30 43166.564651785346
 
31 42550.7169151972
 
32 40360.48783118455
 
33 41201.31928346434
 
34 45862.213736228216
 
35 42480.61282846276
 
36 51921.94290639271
 
37 44987.3967637141
 
38 47711.621114148424
 
39 47285.56057882944
 
40 41930.86685533552
 
41 48331.44778115755
 
42 47262.65518131025
 
43 42400.14486370382
 
44 41222.22201801917
 
45 50795.59537701122
 
46 49407.826461280136
 
47 49438.487855573614
 
48 46839.72263372959
 
49 45423.120089067575
 
50 43964.131453760296
 
51 50828.23364717985
 
52 50838.47257218855
 
53 52473.05179769474
 
54 54668.42719025598
 
55 49774.77420066458
 
56 54442.93721572899
 
57 52175.44222622949
 
58 48694.96766773348
 
59 52584.829520721774
 
60 49398.92671495404
 
61 50224.62343957087
 
62 50919.96898740746
 
63 48918.76479224517
 
64 45662.070835275576
 
65 48097.01122377876
 
66 53530.22795772902
 
67 47604.7158238167
 
68 50141.61009081931
 
69 52874.85228156358
 
70 52081.02112823566
 
71 55651.04842229584
 
72 50634.341718951466
 
73 51002.04953603572
 
74 48498.35283950906
 
75 48822.55550234425
 
76 53049.31783916656
 
77 48327.130008678985
 
78 55637.27841954559
 
79 52552.73827933221
 
80 58296.48975289387
 
81 54796.49353189347
 
82 49055.968110634414
 
83 49661.93018533884
 
84 48733.50605412256
 
85 52782.79274733784
 
86 53414.082790835055
 
87 52844.26554128086
 
88 57293.568715890935
 
89 50988.02564859702
 
90 52378.7185519772
 
91 48559.1202808436
 
92 58361.781916405496
 
93 60981.514593591244
 
94 50830.02745203534
 
95 46904.58071456968
 
96 52963.27990210357
 
97 56368.5649037115
 
98 54135.35137800989
 
99 51286.09481724833
 
0 30353.769138102787
 
1 31346.906960895358
 
2 24162.57204315924
 
3 27615.54206967236
 
4 27516.714432501976
 
5 28700.36139318399
 
6 30208.997266123206
 
7 32138.041190533095
 
8 29032.969697139088
 
9 26837.024689828
 
10 31241.759284303884
 
11 32785.63311151532
 
12 30189.047584179578
 
13 30726.83316447799
 
14 29507.909461111856
 
15 28103.42947912866
 
16 32254.122198704503
 
17 27927.786737303206
 
18 28387.74197651748
 
19 27726.255802779826
 
20 33539.706914488714
 
21 37145.43711798611
 
22 34386.36782519026
 
23 31286.97476046589
 
24 35528.23202959478
 
25 31664.231425921447
 
26 30454.5851850951
 
27 28604.80329145047
 
28 32727.063373764777
 
29 31806.278028234592
 
30 30242.458907844666
 
31 31640.05569157648
 
32 33070.81250102929
 
33 33171.971607556174
 
34 31127.247324053325
 
35 31386.174179557067
 
36 31315.248423458437
 
37 32977.517861593406
 
38 28510.98128155978
 
39 36821.81825832621
 
40 31794.579872816117
 
41 32115.38010109174
 
42 29257.303356665136
 
43 32632.60128297939
 
44 31538.95610377307
 
45 34992.45610936436
 
46 31321.811427071687
 
47 30026.610568761924
 
48 30857.572313549397
 
49 26835.794767730324
 
50 31906.757226245816
 
51 30738.02213662073
 
52 36931.15393607222
 
53 30725.754825781343
 
54 33469.79752442599
 
55 28545.12529118448
 
56 31880.51938560598
 
57 30931.678869354
 
58 29211.360368052516
 
59 33591.46061489219
 
60 33924.61151301842
 
61 34240.29521804795
 
62 33891.515465697594
 
63 34761.39836597162
 
64 28950.894494587017
 
65 30358.513356664338
 
66 36368.964832168254
 
67 34107.159863788416
 
68 29647.81335752195
 
69 34745.626823514045
 
70 31052.66471151733
 
71 30936.67870838711
 
72 32390.34654863952
 
73 31616.768768990747
 
74 34157.62067426416
 
75 32269.3144316797
 
76 33576.111112837956
 
77 29384.257549831367
 
78 31679.887706155376
 
79 33491.43154330797
 
80 31623.381291290465
 
81 33604.91318895393
 
82 29122.696969716573
 
83 27863.197034187626
 
84 32778.92377091315
 
85 37286.39396791069
 
86 31167.93632675827
 
87 34244.058672754574
 
88 28380.04689635614
 
89 34555.93328829099
 
90 35197.76362254579
 
91 32948.00557574217
 
92 30935.997605771012
 
93 32964.04670911415
 
94 34291.30395257697
 
95 29763.476384011094
 
96 28337.176449786144
 
97 33343.4445172964
 
98 36324.36122824662
 
99 28656.88634774805
 
100 32632.039178016257
 
101 35526.81313282831
 
102 34726.527685898574
 
103 31442.176159661583
 
104 31984.97366363835
 
105 32628.060670902938
 
106 31329.16144339989
 
107 33608.694360575595
 
108 33193.68178011016
 
109 35994.578902940935
 
110 37395.7371188447
 
111 34786.855293791414
 
112 29971.902009674362
 
113 31944.39533284083
 
114 29236.612322649242
 
115 35174.989869310695
 
116 36110.87655628474
 
117 33596.92662954132
 
118 35301.146307940086
 
119 35290.49975608381
 
120 39347.86511606706
 
121 38910.51595878119
 
122 34760.35915544407
 
123 33610.599411330506
 
124 37350.62621903294
 
125 29270.619073324233
 
126 30094.094315898023
 
127 36504.28936992947
 
128 35319.89145541028
 
129 33371.41031726476
 
130 29451.21471559867
 
131 36247.93178440931
 
132 33863.69648016896
 
133 33594.01772667101
 
134 32832.20294619078
 
135 35011.5000973907
 
136 31615.675353390827
 
137 34043.322325586065
 
138 32681.237809705435
 
139 32845.382902531805
 
140 40053.90995471047
 
141 32032.241967932307
 
142 35596.52773993709
 
143 31121.859463094865
 
144 34862.539700735986
 
145 32275.598647554238
 
146 33097.00769699986
 
147 35880.50542275993
 
148 32591.106058149147
 
149 36592.26704779012
 
150 35785.15625560544
 
151 34041.44113471279
 
152 36099.97221609233
 
153 32064.629022644665
 
154 30896.536112529142
 
155 34400.878547519205
 
156 36852.32376092219
 
157 33046.67034608226
 
158 34635.24075266129
 
159 34618.77215259061
 
160 33058.15518046078
 
161 32789.14985910443
 
162 33444.43613818852
 
163 34401.386098602794
 
164 37228.01137528606
 
165 34302.39031307137
 
166 37094.15575180786
 
167 34738.02123102333
 
168 31992.48536399404
 
169 37158.99711852535
 
170 38009.04280565662
 
171 32866.04124671327
 
172 32248.21903418286
 
173 38483.034941374586
 
174 37270.320715025926
 
175 46027.62689068824
 
176 35218.56879089507
 
177 31174.379296290586
 
178 37660.24252758582
 
179 32205.626129871067
 
180 35414.19109017723
 
181 29423.45997566061
 
182 42186.6299052497
 
183 33736.574062226624
 
184 31587.444714800404
 
185 32209.137307241745
 
186 35062.53047557585
 
187 34336.45383210217
 
188 31104.78551359549
 
189 32818.17867397575
 
190 35332.4944862483
 
191 36659.82460354128
 
192 29419.991436701846
 
193 31503.82738376345
 
194 35518.79097979026
 
195 32176.452934334415
 
196 36323.267597559316
 
197 34048.59068409225
 
198 30930.952367523783
 
199 32649.75024103182
 
0 27684.97379115447
 
1 23498.190884024905
 
2 29940.864272183288
 
3 27199.718622466145
 
4 31091.554655410866
 
5 34023.261758414905
 
6 28484.797662966936
 
7 29127.545134703778
 
8 30963.491887523072
 
9 33582.98502924866
 
10 32150.446689722365
 
11 31333.87721534644
 
12 33629.342905744175
 
13 36782.0921196581
 
14 27484.547611214733
 
15 35191.9373684579
 
16 37617.71302624256
 
17 36801.53272090618
 
18 30500.79157908395
 
19 31017.142308334387
 
20 36284.40170037636
 
21 38245.727124607016
 
22 35700.70270590794
 
23 35217.08315587198
 
24 36631.42570271327
 
25 41489.81999148058
 
26 39360.23528965633
 
27 43032.821788324516
 
28 42831.16001582731
 
29 42689.29540468589
 
30 42177.52230574878
 
31 40249.918414093314
 
32 40626.789642116775
 
33 40876.0509315439
 
34 42736.86041386628
 
35 46522.856009185685
 
36 46808.15516515721
 
37 45379.02333635966
 
38 39041.30105621963
 
39 45218.31272162222
 
40 43027.724608037555
 
41 40849.85745865628
 
42 40516.852865114335
 
43 40537.163998745724
 
44 45545.39550533463
 
45 42957.23563932928
 
46 43390.66566107262
 
47 51717.140262932655
 
48 50320.293378656985
 
49 44829.99387739097
 
50 43650.561304760275
 
51 46418.57987118428
 
52 43736.91194118507
 
53 47919.618525924205
 
54 46220.60014266658
 
55 49427.562013328454
 
56 47780.49795345017
 
57 49674.100663241305
 
58 50498.04790642077
 
59 47279.29586156633
 
60 47130.996137315764
 
61 45100.01673098257
 
62 49530.352700162235
 
63 55108.102649457454
 
64 50002.851794651935
 
65 51143.800509308145
 
66 50445.68080869468
 
67 51911.2810194997
 
68 50044.081762468886
 
69 52535.48637149743
 
70 44674.028222753994
 
71 52808.56974591894
 
72 42438.49490712975
 
73 53290.907964328246
 
74 49497.538746086415
 
75 47053.265454307155
 
76 52302.13935175246
 
77 51808.47989915284
 
78 54260.97483131806
 
79 53069.77824579412
 
80 51893.43110799408
 
81 50394.36745413558
 
82 51609.22924809223
 
83 53671.646278334054
 
84 53063.37362696244
 
85 50870.02694134704
 
86 56288.33744393069
 
87 49200.26054422943
 
88 49829.73884888568
 
89 50706.63927360612
 
90 52273.32498131862
 
91 50219.59356909751
 
92 52642.652798156414
 
93 48783.83686876718
 
94 52413.330616095125
 
95 48906.99252240322
 
96 56019.969005035724
 
97 51618.72744989605
 
98 50041.74115980163
 
99 51427.50467068702
 
100 51108.529483180915
 
101 51079.95941011148
 
102 49843.937724678864
 
103 52990.06934086701
 
104 52303.04065071967
 
105 52132.99843797224
 
106 48924.886287139365
 
107 57300.43363365429
 
108 49808.03603671294
 
109 51869.86938573276
 
110 50210.45140850231
 
111 51977.32992733862
 
112 51024.31420278901
 
113 50253.936157914766
 
114 52820.49377429605
 
115 51055.60284459914
 
116 52156.42676818758
 
117 55163.25050452838
 
118 52813.94924643767
 
119 52736.4667619199
 
120 50442.976369693846
 
121 53090.23263323925
 
122 52055.86411619814
 
123 50966.17348372126
 
124 51363.5170647649
 
125 55661.84844452909
 
126 46929.54160923387
 
127 50776.98876148483
 
128 51933.00998247674
 
129 50865.546894902574
 
130 48583.728162407286
 
131 55288.22256558181
 
132 53616.5243618035
 
133 56222.29491360726
 
134 55573.798818951385
 
135 52669.7610186671
 
136 48378.94075605266
 
137 44808.31000680358
 
138 54299.05041140567
 
139 50472.889161421124
 
140 53559.210313851625
 
141 50884.7790837244
 
142 51550.843063255765
 
143 54913.009418283684
 
144 51623.047744170755
 
145 48820.84869702563
 
146 52857.49493184585
 
147 53171.89145876707
 
148 49570.481004345995
 
149 54411.10692098299
 
150 50521.64948649691
 
151 46862.44780151959
 
152 50537.737004762275
 
153 47138.28174567085
 
154 48236.06985501996
 
155 51128.20837878584
 
156 52053.55398084992
 
157 45998.71773741441
 
158 54340.92427505602
 
159 49213.50508762989
 
160 52907.095592038866
 
161 47816.07396368605
 
162 53367.99694043828
 
163 51875.176242182635
 
164 58851.91508301272
 
165 50318.30134009154
 
166 50496.248695489594
 
167 51822.73149386267
 
168 57518.85988026322
 
169 50885.08999889152
 
170 51912.41778750034
 
171 48071.30559393261
 
172 54429.413279493136
 
173 48514.69301812548
 
174 53416.26942513085
 
175 51077.13553467706
 
176 49714.4195535451
 
177 52740.09565040771
 
178 50192.5044211513
 
179 52410.235124407525
 
180 54955.807386402834
 
181 48791.427089171295
 
182 51577.06816639486
 
183 53751.073937477646
 
184 52189.60327279635
 
185 54515.060263918924
 
186 52701.79026240446
 
187 50140.98257710199
 
188 49942.48088742168
 
189 55833.75031753314
 
190 52754.791366296675
 
191 52182.501162495784
 
192 54759.499391698446
 
193 49770.381396919794
 
194 47441.457602555274
 
195 52134.76364949651
 
196 48277.151500522625
 
197 53726.07135050553
 
198 51828.998114558504
 
199 53174.94873299825
 
0 29642.867172582508
 
1 32629.94141037746
 
2 26540.336002053355
 
3 26195.777490679702
 
4 32108.88774308852
 
5 30959.678396716587
 
6 30785.460221748388
 
7 25852.541442875186
 
8 30822.093638738534
 
9 30663.354550716438
 
10 29278.833271134084
 
11 26969.07768202207
 
12 32827.244816111706
 
13 36099.69877450569
 
14 29097.60109849238
 
15 26418.695225961652
 
16 31519.27642727114
 
17 32894.6980923268
 
18 32025.598547508343
 
19 30615.588406153493
 
20 36447.73247985907
 
21 34700.84683664785
 
22 35371.68772714887
 
23 35490.21311084227
 
24 33821.987693458
 
25 34238.55256314392
 
26 33190.40669102874
 
27 31828.932950393242
 
28 37253.48497328753
 
29 30609.84187353339
 
30 33909.36726378183
 
31 39016.306584539125
 
32 33170.98244454458
 
33 37982.54428541788
 
34 39652.49211624191
 
35 39524.68944678192
 
36 35957.25324374377
 
37 35433.19233603459
 
38 37620.2051315704
 
39 35784.389867010555
 
40 43039.67359860355
 
41 40159.171604950425
 
42 37771.34779764041
 
43 35656.19820454784
 
44 37567.11564629598
 
45 33046.287204280554
 
46 38781.04855941777
 
47 39363.28935130023
 
48 41574.80468471788
 
49 40232.97324891708
 
50 36424.1699772794
 
51 33834.865470472185
 
52 40534.131480626354
 
53 36691.5762378473
 
54 43465.12131935464
 
55 39543.87486264388
 
56 32135.37916748809
 
57 40857.59179131483
 
58 37790.72013273868
 
59 39019.27087527549
 
60 35854.011209979864
 
61 38313.999685383424
 
62 34732.22135723841
 
63 39230.9831020799
 
64 35095.16093897077
 
65 40483.749421871784
 
66 34089.52670587108
 
67 39275.518669287725
 
68 44974.01839631403
 
69 40203.87486180798
 
70 36620.345820745664
 
71 38108.959298763155
 
72 43143.40758725814
 
73 38670.440469620786
 
74 37320.202248952985
 
75 36982.952452227444
 
76 31932.24195469688
 
77 40053.59523784585
 
78 40157.62669497898
 
79 41395.01360035467
 
80 41308.06001114769
 
81 43101.751072455525
 
82 38965.924263946225
 
83 43947.73100040142
 
84 35524.90469782387
 
85 40843.0536911838
 
86 42339.897799921695
 
87 40120.959083866284
 
88 42780.259939751995
 
89 40693.27993317105
 
90 43016.495681892324
 
91 41331.91159974487
 
92 36888.49230402922
 
93 43133.31428651026
 
94 40654.845487037026
 
95 41305.70775324354
 
96 47338.39448620074
 
97 38450.9592661431
 
98 47927.54167253503
 
99 43461.446436107595
 
100 50115.68141176729
 
101 39865.18596838791
 
102 45395.72858725126
 
103 39945.08419080855
 
104 44953.39436900279
 
105 44766.97083194292
 
106 46142.012186064414
 
107 41876.54023517516
 
108 41783.672128738195
 
109 44066.73221118639
 
110 46071.400052449564
 
111 42639.33870669422
 
112 46087.21409029721
 
113 39044.406161186285
 
114 45822.58227605755
 
115 48137.544399944665
 
116 41706.16154741163
 
117 40742.45829114982
 
118 46164.90772204361
 
119 47257.13788379854
 
120 44455.15312584383
 
121 38684.514015674264
 
122 42001.69359980045
 
123 48071.29521581384
 
124 44577.50819175341
 
125 42286.64725387858
 
126 44462.11921576446
 
127 42321.96233407785
 
128 44978.52141978359
 
129 40473.42698750358
 
130 44949.45990639337
 
131 45392.2381655206
 
132 43338.52816887945
 
133 50779.89054499248
 
134 46438.308320722776
 
135 41033.35441634238
 
136 45780.10962355533
 
137 45049.56623323905
 
138 43330.30042385948
 
139 46142.061413688025
 
140 44500.83551401198
 
141 46298.924021306804
 
142 43966.85069574373
 
143 50622.659512240665
 
144 44245.98324604828
 
145 45505.163550730984
 
146 46772.59405859204
 
147 46283.652006465374
 
148 43574.2060799167
 
149 43324.41507461751
 
150 43380.72510492882
 
151 43238.891351192004
 
152 44885.86128937001
 
153 43888.74678006217
 
154 47092.00837554261
 
155 46785.18707586837
 
156 42267.905420351686
 
157 46159.24193719795
 
158 40430.84996952746
 
159 49492.73092789479
 
160 48972.07071603227
 
161 45488.88519939141
 
162 46939.13488475739
 
163 41549.360002585396
 
164 47725.053507705416
 
165 45898.26157914444
 
166 46041.64075549031
 
167 45278.85597732828
 
168 46458.80225393908
 
169 48602.515528937765
 
170 45987.90592172092
 
171 44194.732097950306
 
172 46719.22319203252
 
173 50987.163053001605
 
174 47420.10743160695
 
175 48632.41878530086
 
176 47142.32315839298
 
177 49603.51373937736
 
178 41338.8802771386
 
179 46631.15811670326
 
180 45476.55792685831
 
181 45578.683760694854
 
182 46588.92380904836
 
183 50807.77129932846
 
184 43773.6432809062
 
185 43662.704891939255
 
186 48174.01936509786
 
187 46130.629433157184
 
188 45273.20398236685
 
189 44026.47939678401
 
190 42878.759235150406
 
191 42942.72495690577
 
192 45037.76901092273
 
193 53489.17678394777
 
194 50475.088628846315
 
195 47577.79689754801
 
196 42234.459608118326
 
197 46375.960922320046
 
198 44913.939785513474
 
199 45102.5818759831
 
0 27642.910975043662
 
1 26505.423894754316
 
2 27850.36767686281
 
3 27645.220172055037
 
4 24682.306562324768
 
5 30150.805623174576
 
6 27774.808542463063
 
7 30080.962813833496
 
8 33730.102125542966
 
9 28093.443235595256
 
10 30474.300230010096
 
11 29421.80264171441
 
12 30033.776964517987
 
13 31839.32653903617
 
14 31535.026943299123
 
15 39223.78147670807
 
16 32804.2948631467
 
17 33615.176608384805
 
18 32250.159562835397
 
19 39203.01315005859
 
20 37420.067503695245
 
21 35011.359651150524
 
22 35570.7090170438
 
23 38172.72708116581
 
24 31918.522705234176
 
25 39929.22178479429
 
26 37408.6549962883
 
27 42188.6266845631
 
28 38556.912000341705
 
29 39226.93440620938
 
30 40267.69513468988
 
31 36810.02380070319
 
32 43664.99611186572
 
33 39602.27820652462
 
34 41609.18731581785
 
35 45199.97884122749
 
36 37651.89553620366
 
37 45416.64908620893
 
38 36345.6513738811
 
39 48500.95837174826
 
40 45821.84421441907
 
41 44266.49849760642
 
42 42209.60770500375
 
43 37426.77893433601
 
44 41347.575378507965
 
45 43832.07277697371
 
46 45857.47557275848
 
47 44928.75239964655
 
48 45553.189323248705
 
49 47682.727606047665
 
50 44204.16672056236
 
51 43535.260793571884
 
52 44618.48601541132
 
53 42202.45516340637
 
54 40404.4461554778
 
55 45752.79814636584
 
56 44974.07050272676
 
57 45437.39441014596
 
58 51225.83051934778
 
59 46418.21550669587
 
60 51886.05660728248
 
61 46507.506920507156
 
62 40911.11057422536
 
63 43659.070839574786
 
64 43992.367389429164
 
65 47865.54092511983
 
66 44877.077665112534
 
67 44513.309346311515
 
68 51237.118667481955
 
69 43476.79618932746
 
70 47767.291076674
 
71 46329.97181426667
 
72 44798.39947683194
 
73 47220.05172140806
 
74 42538.36174835926
 
75 44840.164968041136
 
76 48402.616324614646
 
77 47160.930238634384
 
78 41777.20225289159
 
79 49815.766415112455
 
80 45919.74196646363
 
81 49050.86407823666
 
82 54722.27133987727
 
83 53194.196071626546
 
84 46571.71498985519
 
85 50031.193784134026
 
86 51613.59260257085
 
87 45245.6222552577
 
88 51871.558077085065
 
89 48141.7474939214
 
90 46355.418101902185
 
91 45276.0928657164
 
92 48827.14469796298
 
93 50459.92160585324
 
94 47935.463210973976
 
95 49494.000763068834
 
96 56487.80499567408
 
97 54884.41587346324
 
98 41356.41520952348
 
99 49592.72996002952
 
100 44517.57361258729
 
101 48765.22048592421
 
102 45409.46086051497
 
103 52855.38333840508
 
104 49649.51105603218
 
105 48430.7537251688
 
106 49532.92842329177
 
107 46591.475804432725
 
108 48813.673544716694
 
109 52856.6971419721
 
110 49894.28893731718
 
111 48548.06416790692
 
112 49273.729362117585
 
113 45975.169002784176
 
114 45515.765469623955
 
115 52892.52763711258
 
116 55004.62847092348
 
117 50798.73229805683
 
118 54962.42505554984
 
119 47145.009450155376
 
120 49910.63021495826
 
121 53031.727767583325
 
122 46253.959912856466
 
123 46111.46234788051
 
124 54439.24021506032
 
125 51005.62700233723
 
126 46998.62640681936
 
127 50925.78853664584
 
128 44237.043738946064
 
129 45124.560402391704
 
130 50304.168015409494
 
131 53757.768129247175
 
132 48213.86337730173
 
133 47793.65947153026
 
134 51355.06468942428
 
135 50508.15176101635
 
136 48596.51478857412
 
137 48020.431265159576
 
138 47938.334793894326
 
139 49433.17184084434
 
140 50003.906278901275
 
141 45045.074805574586
 
142 47757.44470857221
 
143 51688.80422663114
 
144 46193.43692547176
 
145 50637.693968783904
 
146 49198.18906392467
 
147 53717.27863728037
 
148 48991.185474310005
 
149 51691.64056913748
 
150 50047.12311926312
 
151 52986.99289000287
 
152 49880.92571800165
 
153 51666.59330042818
 
154 48585.75202635799
 
155 53444.41185210254
 
156 49083.9390934381
 
157 49797.45519682429
 
158 50964.620440904604
 
159 54281.60264915315
 
160 48398.03948980068
 
161 57267.89051862647
 
162 55699.223490192875
 
163 51325.25271057332
 
164 49450.793565318265
 
165 53087.898717040465
 
166 55998.43753685066
 
167 50608.736426261166
 
168 51665.52522933606
 
169 52668.5044158578
 
170 50534.89730880294
 
171 47485.72897955456
 
172 48992.026369440595
 
173 53223.68151726425
 
174 51174.38956959952
 
175 47486.26269124975
 
176 46598.746812195095
 
177 49120.678501315146
 
178 50107.320067404995
 
179 52986.09163430599
 
180 49959.87400397668
 
181 46585.2894928663
 
182 55899.26787536376
 
183 46580.236842799335
 
184 49236.5243034166
 
185 57192.092036764516
 
186 48607.694385749644
 
187 46933.95046867314
 
188 48445.014618546724
 
189 45484.818611399205
 
190 46300.84655109579
 
191 53131.83454009155
 
192 46647.21489723745
 
193 51280.11793610935
 
194 48854.122796273565
 
195 50178.786769216385
 
196 46809.21178774263
 
197 51896.250497710294
 
198 53126.665097423494
 
199 55272.544830259496
 
0 33417.39489306193
 
1 32125.324876409093
 
2 33205.81020808586
 
3 31603.45567972289
 
4 34278.68151487914
 
5 35386.25667598025
 
6 38697.05174861664
 
7 33690.83680263716
 
8 30778.145893209494
 
9 31297.22281060704
 
10 36300.94309830363
 
11 34151.45449595133
 
12 36657.80586287335
 
13 34337.0915450564
 
14 30316.05051729208
 
15 32350.41421649756
 
16 34047.242620550256
 
17 30719.204312698155
 
18 36695.93136400404
 
19 35131.45658548573
 
20 34280.27957515019
 
21 36974.09586380832
 
22 41753.57630587879
 
23 37914.047123691205
 
24 41916.59272859666
 
25 40035.52382890683
 
26 38600.34429489977
 
27 36838.74086785375
 
28 39639.763372993075
 
29 36208.05506359439
 
30 38290.40977679125
 
31 46698.141927825185
 
32 36597.628130611374
 
33 43816.89864599349
 
34 42638.054197108475
 
35 45454.48283319934
 
36 31224.297804425376
 
37 37460.59280324188
 
38 42373.61666087256
 
39 44827.814349995686
 
40 39774.7889603888
 
41 41153.114637211824
 
42 41379.88864461179
 
43 36822.29643735346
 
44 43862.55477894021
 
45 41129.24189446671
 
46 35898.43140871626
 
47 39619.45466957076
 
48 40615.208433533524
 
49 41969.82965078511
 
50 37772.0490283207
 
51 40310.47379788165
 
52 41476.428580674634
 
53 51824.647336684204
 
54 38784.29482153844
 
55 49470.730151706106
 
56 40719.478474856674
 
57 38324.269200056086
 
58 49012.44178636148
 
59 43172.16238500653
 
60 44675.420924288985
 
61 42887.65757557737
 
62 42583.23681043951
 
63 45637.9891283997
 
64 44327.132486636525
 
65 46901.28582186047
 
66 41375.45997933781
 
67 38970.480702816785
 
68 41293.23110587971
 
69 48292.52772364799
 
70 46633.890951202164
 
71 44499.33788807021
 
72 48482.83493042013
 
73 40003.49462350902
 
74 51217.64150766025
 
75 42623.397978601046
 
76 48359.56523693526
 
77 45480.71531267581
 
78 48735.41383710609
 
79 46876.18209567084
 
80 47965.15885908149
 
81 49828.10120073723
 
82 47281.087114735674
 
83 51376.091234473744
 
84 49292.477171338105
 
85 44399.54973736306
 
86 48357.923712768694
 
87 44030.38606888638
 
88 50816.57259821925
 
89 51027.72128852936
 
90 46432.833293753014
 
91 44391.9926909436
 
92 42911.20832172957
 
93 42185.794489160944
 
94 47039.54433340427
 
95 49074.771938940874
 
96 49781.48453760298
 
97 51647.23168977268
 
98 42337.583489713536
 
99 46932.318119329124
 
100 44944.08162219386
 
101 45897.51690928424
 
102 43705.04322785258
 
103 48628.19653934683
 
104 48848.76019635877
 
105 50683.52406594217
 
106 48407.967418143235
 
107 49377.11481424061
 
108 49608.89963375191
 
109 47008.464065350636
 
110 47282.25899074392
 
111 44627.009412095606
 
112 53488.71119677747
 
113 50809.65773435839
 
114 55179.43967779574
 
115 52010.449075880926
 
116 51643.454677296075
 
117 53584.579943149656
 
118 49873.34039522565
 
119 47503.96637127196
 
120 48578.35093869019
 
121 55564.927456732345
 
122 45354.547501615736
 
123 52811.51008136911
 
124 49067.06607717308
 
125 47709.301470336075
 
126 53262.20629869863
 
127 53579.581915954805
 
128 47972.82633524678
 
129 53279.712462491414
 
130 48033.73645503008
 
131 53055.86413143937
 
132 51556.82762205325
 
133 50661.28872407759
 
134 49447.98186341652
 
135 56233.61853724225
 
136 49411.44293021358
 
137 51931.05438166035
 
138 51576.1156048283
 
139 47355.18296897868
 
140 47399.43041600813
 
141 51017.95849682619
 
142 53590.07987223016
 
143 51127.41028232806
 
144 51818.67989257923
 
145 54136.43608334653
 
146 49961.71577629356
 
147 57594.28330979564
 
148 50082.39905711653
 
149 51552.660610675535
 
150 47548.289650015126
 
151 57892.79888418233
 
152 54903.932054738245
 
153 49997.16322963746
 
154 48727.81065010535
 
155 51962.09119836199
 
156 57342.535826756146
 
157 55312.22754319594
 
158 51706.05409937313
 
159 53477.15426314957
 
160 58461.79444700909
 
161 55061.78559115585
 
162 48450.25973250324
 
163 58637.7230142639
 
164 53782.57456092092
 
165 54352.71129737718
 
166 54277.541244475506
 
167 49280.72530228894
 
168 55119.42660037675
 
169 47954.399548200294
 
170 49239.70985294469
 
171 52969.88031947443
 
172 53082.68722202233
 
173 57216.466004683396
 
174 52257.03816372636
 
175 52509.88728189517
 
176 54660.6550689583
 
177 54905.185888025946
 
178 51300.254206542726
 
179 54621.562353435766
 
180 52024.521308726304
 
181 55394.79745712536
 
182 46909.94662556904
 
183 61165.569784128944
 
184 55067.491888199096
 
185 59057.93683687585
 
186 55327.66845740691
 
187 53623.34343743944
 
188 57433.72372176152
 
189 54809.450208764145
 
190 62510.386747863144
 
191 55785.624089339726
 
192 58543.70485283949
 
193 58980.64948571725
 
194 57239.03797146538
 
195 51470.253938779904
 
196 53498.96680422573
 
197 60168.90951538569
 
198 57548.1497749196
 
199 52181.001043477154
 
0 30847.734575028877
 
1 29894.95802125747
 
2 29068.876683561644
 
3 30812.720137055803
 
4 36241.34860200331
 
5 30845.544541638083
 
6 31012.009097170616
 
7 31481.41314697921
 
8 31440.219588617023
 
9 30790.302328182937
 
10 27774.803244375806
 
11 32196.294216537917
 
12 30616.69890100295
 
13 34426.04609636915
 
14 39820.26661839723
 
15 34872.76598545397
 
16 37674.399505139285
 
17 34558.97013989392
 
18 33322.27791192999
 
19 29566.765827268064
 
20 36172.715892129454
 
21 38376.697325681285
 
22 29888.911031684886
 
23 37949.46859243264
 
24 34823.33663245294
 
25 36083.46286314149
 
26 30500.001056678033
 
27 36557.44593978468
 
28 38088.88074414526
 
29 36703.490531213814
 
30 40103.66928103894
 
31 32759.23596914467
 
32 36284.36510597531
 
33 36725.75791841346
 
34 39906.79769247206
 
35 37984.73188562513
 
36 34394.965475141275
 
37 46283.100032817216
 
38 40222.193665205195
 
39 41841.85470917406
 
40 41502.18573644093
 
41 38655.30045143908
 
42 43190.35542729536
 
43 43428.62708324399
 
44 40773.37572934824
 
45 35707.28301661529
 
46 45425.163804612755
 
47 43989.741567221696
 
48 42640.343214134286
 
49 36746.912091990744
 
50 42996.9878014654
 
51 48265.59585955587
 
52 44849.58280159094
 
53 40728.36778119149
 
54 38385.618585870405
 
55 46363.39756398875
 
56 39957.538663439314
 
57 41432.416761211556
 
58 37150.56525873357
 
59 39420.77683351737
 
60 42297.71046750563
 
61 41575.41195950636
 
62 39107.40726438457
 
63 47124.6253181776
 
64 43118.86529876091
 
65 43109.04168359027
 
66 41096.638279621206
 
67 50136.9718649225
 
68 42766.2210913497
 
69 44679.71519246494
 
70 43643.527694873
 
71 44645.10426355645
 
72 50095.48211492299
 
73 46780.05523408108
 
74 47518.166154336795
 
75 47675.82375359736
 
76 43685.06702907699
 
77 46137.15073135849
 
78 46138.31799704708
 
79 48929.32192707338
 
80 42665.940935631545
 
81 42265.32667948599
 
82 41253.16799840244
 
83 41612.110935939
 
84 48409.53843886676
 
85 39493.111166924966
 
86 43032.33368608595
 
87 49640.12669578305
 
88 45097.24547695672
 
89 51768.9990767231
 
90 44124.82779730027
 
91 45600.036578130115
 
92 42645.79815517487
 
93 42041.23426192047
 
94 44597.535414711965
 
95 43729.40477749818
 
96 40978.36606221919
 
97 44104.945469345774
 
98 42838.525001016955
 
99 47586.82393265238
 
100 42436.74393555482
 
101 42589.88624059808
 
102 46469.64411791691
 
103 42912.85233149098
 
104 54815.30237852522
 
105 47638.33649494881
 
106 43123.29167361005
 
107 49452.086053611645
 
108 43882.853587477475
 
109 48031.56224639395
 
110 46380.486029448046
 
111 48604.299547742
 
112 49670.30192166098
 
113 42984.00347224105
 
114 43867.3446773872
 
115 41231.12431975334
 
116 48529.67987041254
 
117 47211.7328404628
 
118 45559.07127888308
 
119 44408.60848573699
 
120 47602.157028358095
 
121 44972.88214698287
 
122 42989.15557277847
 
123 41864.487051318785
 
124 44077.36158990281
 
125 46844.82321195959
 
126 46780.68450460453
 
127 48831.6930643243
 
128 50087.90160279657
 
129 48105.85575196052
 
130 47643.43630565762
 
131 47468.974126441084
 
132 50329.64791740898
 
133 44613.55356129249
 
134 46289.91365409177
 
135 43919.40548586283
 
136 50055.41596386998
 
137 43133.23955526592
 
138 46197.74578370243
 
139 47799.707586729826
 
140 45910.32610382569
 
141 48369.854624291445
 
142 47435.960249377524
 
143 44490.8228688585
 
144 44712.65706483339
 
145 44203.20340577409
 
146 44489.60653757018
 
147 41816.047610023634
 
148 45715.65799043706
 
149 50231.93330720663
 
150 46976.481911884126
 
151 48267.742729993
 
152 49623.00878799473
 
153 48916.83806960509
 
154 47217.073810013404
 
155 47594.97726109796
 
156 44817.85434893522
 
157 43825.32072903434
 
158 52580.84794905458
 
159 49148.32875817178
 
160 44490.952475016646
 
161 40375.9828034393
 
162 43434.14885258604
 
163 39795.87073643006
 
164 43057.06781743714
 
165 43420.38717948186
 
166 47162.310192792815
 
167 43609.527824933044
 
168 48462.0499848896
 
169 49097.81153922281
 
170 49709.67673191076
 
171 47644.42041951116
 
172 47022.396600235
 
173 51218.14557128374
 
174 49654.855605720644
 
175 49760.45505071891
 
176 43416.6991019077
 
177 44418.3079404055
 
178 51817.38668687604
 
179 51522.5752916219
 
180 46547.35261468437
 
181 46024.82040533802
 
182 43005.52925393288
 
183 44426.19312936842
 
184 45545.59389709594
 
185 40721.687906158026
 
186 46406.67356801412
 
187 48154.118744288804
 
188 42205.31582425991
 
189 42123.79154535698
 
190 46362.38626852922
 
191 41772.15521036168
 
192 50690.663065402936
 
193 39862.751701385714
 
194 44036.69466942895
 
195 46712.38250171298
 
196 47932.43246726708
 
197 48419.394765676356
 
198 42733.248705492035
 
199 44125.96208145313
 
0 28824.63326484853
 
1 30398.665809077254
 
2 30024.57393235764
 
3 30539.519010147233
 
4 30854.205149502683
 
5 29910.551225194064
 
6 32234.831221499902
 
7 35653.76538379903
 
8 30163.693368295684
 
9 37240.69869573131
 
10 32245.635150895083
 
11 38078.93008857645
 
12 34881.69038785441
 
13 35363.420196559484
 
14 37935.15381070204
 
15 34168.996955806884
 
16 31043.534034490225
 
17 37726.19979830705
 
18 40376.091050395786
 
19 34053.05815424371
 
20 40740.05085064934
 
21 43057.12658164112
 
22 42847.301428698396
 
23 36898.04821644288
 
24 41139.9196763142
 
25 37632.66293342326
 
26 44647.560180560795
 
27 41562.39293135907
 
28 44398.99079663525
 
29 38998.72965200204
 
30 46252.00438575991
 
31 42196.0918150752
 
32 45928.845484777295
 
33 42021.30866577883
 
34 43142.80079637898
 
35 41097.11282974541
 
36 47136.92882100071
 
37 49722.076111090166
 
38 47158.974128390284
 
39 46159.19113813367
 
40 48587.939128725
 
41 43727.24442067474
 
42 42530.3814219811
 
43 53341.5976930067
 
44 43512.325498678416
 
45 47556.232930145554
 
46 47078.36903209796
 
47 47439.18373121837
 
48 50342.10893445733
 
49 50616.21203954132
 
50 48711.7737331114
 
51 45546.97617443338
 
52 47870.45113231134
 
53 47733.149078459945
 
54 53655.08143184045
 
55 42183.43528493411
 
56 55320.210983278695
 
57 49169.66196709841
 
58 48347.940388735886
 
59 49115.75184943305
 
60 46432.00870663783
 
61 50698.75835801964
 
62 50437.15633897077
 
63 49743.19848375285
 
64 49536.88337062011
 
65 52182.252337705686
 
66 52681.675564675556
 
67 52298.80103422639
 
68 47700.776680362134
 
69 50253.10865027117
 
70 48616.39921444322
 
71 50547.22443628267
 
72 47882.77687704438
 
73 56104.51836081224
 
74 58674.58049140486
 
75 55561.53504602597
 
76 47011.35786993625
 
77 52204.12350137568
 
78 51266.35359597878
 
79 50364.82392229765
 
80 52887.79887347097
 
81 49515.169849272046
 
82 51181.51886631163
 
83 48288.2229399524
 
84 51177.63019949624
 
85 46827.58560769821
 
86 48084.75597460983
 
87 52690.83710018588
 
88 49487.21332130192
 
89 50164.66532302076
 
90 52840.56034684249
 
91 53023.83642626424
 
92 53746.21425773978
 
93 52586.342784980676
 
94 49364.57814963038
 
95 53422.636376102324
 
96 48224.89573529115
 
97 52341.20035245132
 
98 53839.382631647095
 
99 51750.9367422068
 
100 52656.37382249392
 
101 53344.82972370168
 
102 50057.6472549024
 
103 51861.02554279948
 
104 52352.07151435491
 
105 59814.82488401629
 
106 54631.87362845617
 
107 48936.657329227106
 
108 53240.55761344402
 
109 54635.88317703604
 
110 45426.820792797254
 
111 54683.87915632624
 
112 47912.27660644797
 
113 54899.43964460243
 
114 55762.14409371072
 
115 49578.45002308595
 
116 53969.86417296369
 
117 51152.04328767898
 
118 50743.04496018225
 
119 50340.674611387585
 
120 49621.84008502455
 
121 51308.50072584272
 
122 54586.67444757841
 
123 53744.67672722063
 
124 52548.615245942994
 
125 51776.914724343194
 
126 55418.724222980105
 
127 53612.88557371966
 
128 54544.53903672008
 
129 52180.05038127419
 
130 53752.464698700205
 
131 52585.39917151497
 
132 56540.45979344146
 
133 53311.731777472414
 
134 55954.73276472617
 
135 51237.02856388905
 
136 56596.68504473573
 
137 54587.23886307207
 
138 54525.709385483715
 
139 54684.93756809725
 
140 55936.74370157542
 
141 57362.289501597545
 
142 54592.442525519036
 
143 56719.72935215064
 
144 55957.54929848667
 
145 61299.21251788862
 
146 55238.98587436498
 
147 54893.49645130444
 
148 52783.41332893081
 
149 56207.115539864346
 
150 55271.711803030266
 
151 54562.35477942561
 
152 59897.0895108758
 
153 59426.95069793824
 
154 49410.66923630462
 
155 55239.3651449777
 
156 59334.69390354935
 
157 48576.97860369309
 
158 55259.34223770694
 
159 56815.07288640974
 
160 50756.19590795805
 
161 58364.638930954134
 
162 47185.35725014936
 
163 51995.85852127782
 
164 54691.876517783174
 
165 53825.565188865985
 
166 56295.41221983162
 
167 55155.99117957378
 
168 57892.46444531844
 
169 55821.51999915166
 
170 52383.02155609219
 
171 55497.9633721341
 
172 54080.43103074875
 
173 54116.96728188471
 
174 57871.82278828818
 
175 57622.06598173544
 
176 51188.61664442516
 
177 61469.11126216916
 
178 51878.023553841085
 
179 55507.125756616304
 
180 51464.75862289668
 
181 52579.67542087276
 
182 53941.819848728235
 
183 51065.46247992674
 
184 59564.59564405054
 
185 60568.255758482665
 
186 55249.51010461799
 
187 52692.08066288386
 
188 52670.34942595352
 
189 50012.30516458816
 
190 55634.05440183453
 
191 53692.081156989654
 
192 54695.35396858435
 
193 48932.25256993824
 
194 51356.944498036
 
195 50600.12270404913
 
196 50939.68837197601
 
197 49793.95621951907
 
198 55662.747847373
 
199 55505.476220012875
 
0 27256.47003191181
 
1 29346.0375485359
 
2 26412.899816914476
 
3 34049.621309758455
 
4 32500.777457968663
 
5 26607.68433524324
 
6 26223.18522245137
 
7 34334.81494404702
 
8 25901.821629115817
 
9 30692.074285960225
 
10 30544.120566159232
 
11 29948.326687688186
 
12 28497.093348522103
 
13 33615.38711474218
 
14 32673.780010978604
 
15 31081.731254165177
 
16 33076.473230281976
 
17 43594.516485534434
 
18 37890.266253271926
 
19 30433.8021093432
 
20 31138.497624995885
 
21 34670.2354391298
 
22 33306.33395507878
 
23 30662.266365907333
 
24 35898.02725793053
 
25 35769.31552874057
 
26 33115.708299189784
 
27 34065.88453464533
 
28 38246.44911714399
 
29 37282.86036453455
 
30 36017.26796909519
 
31 37726.691658201016
 
32 32275.1680362821
 
33 40372.49859105764
 
34 37552.93460953496
 
35 32528.908773545056
 
36 37537.25963187526
 
37 40078.13447986206
 
38 40845.26558890408
 
39 43415.40794916634
 
40 34797.85247419629
 
41 34867.7964639256
 
42 38988.20338258105
 
43 37252.87450427614
 
44 37785.14250383754
 
45 43211.010827761806
 
46 42187.228153685675
 
47 37687.94556189105
 
48 40103.11963081197
 
49 41598.11603070474
 
50 39301.34979206188
 
51 38070.981077270844
 
52 40676.25297510239
 
53 38063.58247109639
 
54 39008.2531133482
 
55 44015.77719054172
 
56 40955.71772499519
 
57 42635.640007846014
 
58 40997.066284709996
 
59 36319.60396880161
 
60 37843.364763131576
 
61 45098.91196389216
 
62 42043.88588059228
 
63 41796.541848243396
 
64 36342.69056479469
 
65 39491.49370182378
 
66 38607.84228313278
 
67 46196.56260084517
 
68 39123.15515470583
 
69 47514.4979049559
 
70 39692.821589745254
 
71 42074.6919163578
 
72 43968.96272229898
 
73 42873.05733375187
 
74 40064.7126247151
 
75 45005.90159790925
 
76 42173.329362182034
 
77 44550.43033164333
 
78 39992.280831958225
 
79 38215.995463377236
 
80 37883.916901619836
 
81 40524.63510279514
 
82 46500.09019299922
 
83 39027.992917947464
 
84 37736.302214433475
 
85 34456.04782925499
 
86 37941.584052919265
 
87 38150.29128099044
 
88 44191.92174864947
 
89 44357.926372515205
 
90 42739.47851804591
 
91 41158.40654838743
 
92 34329.98880462715
 
93 39906.92739138998
 
94 41822.36318204576
 
95 38562.020210239665
 
96 41403.49319081645
 
97 41301.04801132497
 
98 40273.15087522557
 
99 42214.71939587287
 
100 47309.417824537864
 
101 49261.77688698634
 
102 42191.67130896069
 
103 48512.33754318002
 
104 39036.76194278961
 
105 43057.562351296416
 
106 42226.194201065555
 
107 39110.87072209506
 
108 40261.87421111296
 
109 43372.03890498323
 
110 44736.99819368674
 
111 42098.14611758235
 
112 47136.06545447384
 
113 40099.235514575244
 
114 43587.461682410976
 
115 43078.269238867455
 
116 40270.23692821085
 
117 44695.15714813349
 
118 39389.901186441246
 
119 42157.25054857613
 
120 40495.528148850535
 
121 42840.582247750994
 
122 44081.64334857608
 
123 41358.76502016903
 
124 48361.74785616631
 
125 41952.0304236326
 
126 48724.41453399712
 
127 46294.85206579334
 
128 46816.063515672526
 
129 41219.10181799877
 
130 49288.71994218364
 
131 46269.48039786072
 
132 38488.89255995546
 
133 44575.67566031657
 
134 41514.874656871616
 
135 45672.028536294165
 
136 43402.965344642435
 
137 40095.85278249626
 
138 43388.76993556435
 
139 42516.826356111225
 
140 43254.44626998819
 
141 49877.30133561125
 
142 46078.36938698583
 
143 46037.99169054999
 
144 46677.02349510216
 
145 41747.27266900634
 
146 42895.47147508311
 
147 43403.06850257439
 
148 43543.039162170106
 
149 48435.44408230107
 
150 45622.90199277111
 
151 45476.75563539641
 
152 42264.32720240559
 
153 44192.360027941606
 
154 46236.75586426687
 
155 48044.281249656946
 
156 40099.50902448844
 
157 39030.16233918646
 
158 42614.52323896074
 
159 47524.748037530546
 
160 45158.32823534939
 
161 44864.247040001355
 
162 43848.54926540257
 
163 40175.77208299115
 
164 41733.53067603185
 
165 45907.94423986
 
166 39746.80533096151
 
167 42926.744791867706
 
168 42999.95603672504
 
169 46626.47681679626
 
170 42127.446128698044
 
171 42638.01591681523
 
172 41299.318919648875
 
173 45240.483800311995
 
174 42160.58580575337
 
175 42255.47432351794
 
176 41134.98820021631
 
177 38999.694287817794
 
178 41987.636731284394
 
179 39319.467729954304
 
180 42586.659989678694
 
181 45182.00568557304
 
182 40506.14527288559
 
183 43092.03670073922
 
184 46474.560082305055
 
185 42994.90561691983
 
186 44793.78633261019
 
187 43266.747655340936
 
188 44098.30866623244
 
189 43033.306193818484
 
190 42989.411556708765
 
191 47650.14524156842
 
192 42786.87734445616
 
193 42349.325891118
 
194 45729.45865171324
 
195 41383.2537464573
 
196 45022.55107515183
 
197 44960.2079538048
 
198 41817.19734754081
 
199 41332.33027611804
 
0 27942.961247801384
 
1 30292.53982299117
 
2 31378.4829794092
 
3 32493.26129746771
 
4 33349.4359214512
 
5 36613.57838147906
 
6 31065.235921094412
 
7 34706.6317982712
 
8 34986.91703069763
 
9 31751.534772598432
 
10 31295.533224213297
 
11 33763.49333346901
 
12 37315.9109957534
 
13 35360.70765209068
 
14 33176.3536925055
 
15 32841.2438201247
 
16 34133.57220444592
 
17 30755.599311734197
 
18 34076.413909818526
 
19 33191.67545820586
 
20 34996.430616072896
 
21 35484.498274308535
 
22 33876.27804836003
 
23 36195.73007747533
 
24 37663.22022850234
 
25 33603.74676313342
 
26 41063.40475321527
 
27 39017.39891255654
 
28 41835.06632522423
 
29 39846.66082181316
 
30 38885.21764646019
 
31 41692.301160591844
 
32 40378.01134589194
 
33 41007.078448917026
 
34 42899.5925440944
 
35 45210.51314947542
 
36 43929.2011742175
 
37 45565.08455076594
 
38 44889.547797702275
 
39 41911.36560178813
 
40 43780.91794889506
 
41 43528.09386076601
 
42 45841.02459230407
 
43 45329.02207305632
 
44 46959.407955362934
 
45 42829.828043284106
 
46 47261.9039833222
 
47 51162.862467159975
 
48 50615.944493459545
 
49 46580.057271492835
 
50 40521.38661684108
 
51 52646.692087325966
 
52 44846.3224046221
 
53 44810.07399053894
 
54 42860.46709208798
 
55 47755.17001777066
 
56 46242.83397618387
 
57 43115.90870788469
 
58 52133.90813103072
 
59 44549.84629697693
 
60 43103.350910213616
 
61 50771.35820321184
 
62 46194.7611923676
 
63 47855.96206794982
 
64 47463.73108252781
 
65 46992.88471246956
 
66 45473.877862577465
 
67 48582.64898087885
 
68 45918.26952791702
 
69 43311.43939690937
 
70 45228.78202772907
 
71 52595.05564830346
 
72 44506.35885018776
 
73 47479.50413279991
 
74 42847.69572068525
 
75 50051.717471711076
 
76 48033.651841950814
 
77 47095.5467012523
 
78 47033.059651956806
 
79 45644.859116439206
 
80 53590.968486789054
 
81 50703.80486226795
 
82 45080.69311495727
 
83 55396.93000707516
 
84 54248.73422871244
 
85 47439.74810265384
 
86 46123.97983589189
 
87 44732.24135318405
 
88 51183.6697332059
 
89 47741.77491078183
 
90 45125.89151699442
 
91 46878.07460666524
 
92 47639.97419131681
 
93 52203.55749146374
 
94 54234.94851146938
 
95 54512.03644111868
 
96 52567.34978459616
 
97 53082.4506801144
 
98 52420.109517380595
 
99 48231.00150429737
 
100 49003.81450911026
 
101 46982.834181199956
 
102 49114.967565509396
 
103 50625.72052500363
 
104 51945.704131848936
 
105 53783.86676826144
 
106 51403.52396812169
 
107 50672.357237820856
 
108 48988.56953103897
 
109 52226.13694861916
 
110 47864.8520212976
 
111 49006.47554975023
 
112 52801.64500443018
 
113 48343.43138033864
 
114 50484.95880190942
 
115 51345.77949338444
 
116 46290.69461258108
 
117 49510.64531651606
 
118 49134.91082265195
 
119 49786.56665556917
 
120 52801.70266559513
 
121 49295.57750970757
 
122 53855.13083123723
 
123 44277.85405906743
 
124 50973.75136016882
 
125 52637.13130011067
 
126 50573.008079987485
 
127 57740.123493611725
 
128 47305.42250491971
 
129 54454.36958547262
 
130 51401.05097227959
 
131 50955.272487494025
 
132 54845.268599966046
 
133 50268.510172239374
 
134 50584.32545522145
 
135 50439.9506980544
 
136 53596.462604656685
 
137 52153.04334530875
 
138 52009.820095421055
 
139 50194.80409495046
 
140 51927.10414878125
 
141 51226.68141754727
 
142 50626.49174820983
 
143 50608.22264982897
 
144 53476.016698328676
 
145 50651.47565622194
 
146 44921.74547991557
 
147 55633.3124613964
 
148 51343.47980751836
 
149 51169.7334893563
 
150 48703.819999943364
 
151 48911.82487294733
 
152 53247.598900872115
 
153 51750.75161523982
 
154 49624.27460674089
 
155 48318.06271837381
 
156 50778.59371062891
 
157 51670.45039457834
 
158 58140.58390743421
 
159 52998.65931604206
 
160 49471.657784157374
 
161 52727.636062631194
 
162 50140.068042090155
 
163 54639.338837964286
 
164 49644.92980399335
 
165 49851.999657492925
 
166 47283.208771887024
 
167 52034.32313434699
 
168 54686.1020752325
 
169 51058.13433601779
 
170 51741.74670022469
 
171 50739.083413240565
 
172 51260.48062183344
 
173 49260.62984150401
 
174 48538.69813022798
 
175 49471.20523578473
 
176 50723.47598191354
 
177 47677.968687845416
 
178 52750.8560626155
 
179 51763.52216090941
 
180 46875.54746021593
 
181 52365.95768653827
 
182 46193.301429832056
 
183 45815.93878636759
 
184 52172.76686295724
 
185 49398.837257965475
 
186 58674.88365310748
 
187 47062.80878666629
 
188 48594.885510140855
 
189 54314.25229246103
 
190 50685.52037955521
 
191 48846.659556142986
 
192 49291.259785526265
 
193 50914.21737179791
 
194 52873.6222531086
 
195 50413.45015348497
 
196 52204.36342784068
 
197 47688.03264549287
 
198 46577.69696807172
 
199 43936.792525041674
 
0 29016.236492780612
 
1 30413.293137640718
 
2 25113.37330989943
 
3 25060.42602283379
 
4 31573.887603242125
 
5 36069.43141652261
 
6 34648.81993587953
 
7 28556.082306157987
 
8 29838.202863560102
 
9 28921.174380532564
 
10 30885.204968852948
 
11 34039.05460631022
 
12 27131.70447835977
 
13 25790.267128853673
 
14 26437.45002962405
 
15 25630.51242963652
 
16 36779.788410892725
 
17 29682.6247041669
 
18 29627.738456152154
 
19 30398.73011768515
 
20 29083.153649784093
 
21 30007.079744374616
 
22 31678.38550496946
 
23 31715.342340768624
 
24 32718.161440008145
 
25 32441.917917764753
 
26 29012.736244378237
 
27 33470.50560968577
 
28 32716.90574553516
 
29 34074.658038474576
 
30 41927.006644639165
 
31 34842.33784305929
 
32 30840.157073527647
 
33 31697.005177818206
 
34 36289.498223400995
 
35 36636.66371172692
 
36 40478.70603180231
 
37 40146.91615386015
 
38 28258.45015836486
 
39 41027.82214360197
 
40 39481.425253287336
 
41 32758.474955148355
 
42 33952.730475602155
 
43 45577.80067204344
 
44 41362.915228523765
 
45 35688.654071796445
 
46 42301.53195145217
 
47 44170.19035346593
 
48 39542.501151444776
 
49 42258.772516057936
 
50 46808.58746453506
 
51 39816.67826572669
 
52 37823.93584074872
 
53 44817.729505944975
 
54 42078.27311000215
 
55 42885.05843838133
 
56 39220.28966533412
 
57 42431.77917506446
 
58 45348.49565628888
 
59 40917.21128077206
 
60 39182.55024302104
 
61 42482.366410541246
 
62 46851.08167446786
 
63 42548.57322438897
 
64 36992.71213504202
 
65 44498.970083348766
 
66 45520.11137944397
 
67 36850.37592480183
 
68 43089.58691927955
 
69 41064.204598726385
 
70 38511.99939486125
 
71 45088.89074380149
 
72 36219.277563351956
 
73 38914.38289420826
 
74 44810.40472417497
 
75 43695.4953921529
 
76 46056.242295140095
 
77 41743.14586552047
 
78 43608.16527925673
 
79 45573.06419801276
 
80 48752.946686273535
 
81 44852.466605991285
 
82 41720.200293355425
 
83 38490.52631560301
 
84 43538.22726527144
 
85 42771.2761421321
 
86 49469.578369599505
 
87 46885.215730155374
 
88 54137.06380341459
 
89 41616.05559444165
 
90 45691.34580585131
 
91 47678.639624884985
 
92 48795.28189974083
 
93 48663.272547685374
 
94 41368.97334966467
 
95 44488.20210678056
 
96 40791.56361817024
 
97 47202.65554709362
 
98 45751.15430084509
 
99 40460.72446061262
 
0 28386.92594330881
 
1 28537.965562327354
 
2 37140.236601391596
 
3 27548.56592156127
 
4 34247.481929736634
 
5 29230.860607321974
 
6 28953.613949619772
 
7 36350.7357684869
 
8 30045.684822903313
 
9 31454.255601030636
 
10 33665.92895399228
 
11 27205.19220722288
 
12 32089.263309277445
 
13 33614.01865499512
 
14 31505.366024913485
 
15 33983.193079052166
 
16 32941.14015325684
 
17 36035.68627791914
 
18 30723.28868317623
 
19 37040.249203547166
 
20 30293.538717988853
 
21 38516.53492072503
 
22 37813.42360782352
 
23 29130.095285285006
 
24 25949.95881567714
 
25 33349.65624844855
 
26 31283.194489756257
 
27 39651.54703387472
 
28 31061.53899445059
 
29 38799.9843954971
 
30 33362.88426623268
 
31 31277.50579606384
 
32 32760.734669963345
 
33 32994.35134206704
 
34 34292.646485653975
 
35 35619.70634979654
 
36 37767.85633617311
 
37 33797.960415905676
 
38 39415.39220509921
 
39 38925.9039122974
 
40 36954.293058209274
 
41 34643.50688019166
 
42 38610.922763382914
 
43 42859.666325657876
 
44 36420.792886925155
 
45 37588.827183746296
 
46 47286.40578146019
 
47 42569.96955608236
 
48 40726.76674450578
 
49 41471.95656154629
 
50 37806.5361911239
 
51 36665.34165190949
 
52 40046.668069365165
 
53 42428.468497744514
 
54 37808.552345937365
 
55 37867.14514325078
 
56 40171.40016137097
 
57 48222.910834644805
 
58 39485.272190791395
 
59 39857.899339369535
 
60 42634.26534581447
 
61 34546.54867530787
 
62 40732.59311650267
 
63 40821.93557482959
 
64 42043.51546476786
 
65 43723.87522566726
 
66 41386.03248235671
 
67 39442.14865507501
 
68 40022.45267427927
 
69 40389.12798695934
 
70 41860.484965479445
 
71 40410.30144102797
 
72 42099.48495586479
 
73 40055.667899616135
 
74 44152.23741855958
 
75 39925.51414243095
 
76 39799.08495824566
 
77 39040.35296446994
 
78 37300.41768725025
 
79 35617.14071535725
 
80 46528.96486779193
 
81 45544.80065212622
 
82 37844.29478891926
 
83 38071.40313938709
 
84 40516.9031397212
 
85 43870.14909549439
 
86 45252.77368723431
 
87 41643.5164372264
 
88 44221.27718418782
 
89 48046.70493870986
 
90 46631.11813680542
 
91 40113.8135815276
 
92 39016.94475248361
 
93 38229.28398242018
 
94 40770.48403398932
 
95 44088.481282912886
 
96 39016.11780688123
 
97 39640.94577702178
 
98 42227.734786464716
 
99 43907.89411955905
 
0 29812.710236920822
 
1 29370.18341465314
 
2 30865.847655334524
 
3 27815.786609974628
 
4 33041.74036688023
 
5 27914.226581509123
 
6 30113.285946258995
 
7 33534.62881778479
 
8 37208.61141752864
 
9 36504.03568555901
 
10 35600.14119704693
 
11 32378.033812341382
 
12 28751.057517523608
 
13 43789.348255633886
 
14 33285.905880944556
 
15 36628.743622253154
 
16 38427.44160324773
 
17 36615.35177561368
 
18 37200.68125169775
 
19 32455.644634182583
 
20 46205.98885394764
 
21 29733.270225637716
 
22 43841.23894006577
 
23 40825.105584661105
 
24 50090.81980890593
 
25 47655.628535587566
 
26 42673.79057883414
 
27 40016.91576689588
 
28 42439.40003478806
 
29 44541.16048147913
 
30 53093.16187032415
 
31 45971.34459232777
 
32 43878.0081301484
 
33 35479.272200593696
 
34 41157.311845053424
 
35 43178.24748803947
 
36 48450.67187065358
 
37 48735.8695527739
 
38 48196.280973939
 
39 46508.505133278966
 
40 45211.917085802495
 
41 49186.61074668607
 
42 51651.44761895221
 
43 44818.7760769641
 
44 48461.40695010478
 
45 47971.68289282197
 
46 46752.672351144625
 
47 49535.7735285485
 
48 45486.380257140605
 
49 45948.78190867372
 
50 49663.24464928486
 
51 48291.335287396934
 
52 47320.051122141405
 
53 50433.440376320534
 
54 45373.83650381827
 
55 42087.939876701814
 
56 53309.462119666394
 
57 48920.834927655735
 
58 52578.70169638594
 
59 49403.26754134485
 
60 49723.99107102096
 
61 44907.69754131748
 
62 48040.63890498508
 
63 47118.513126604186
 
64 47420.28080280369
 
65 43950.540098428035
 
66 49127.18436578916
 
67 44952.92691922915
 
68 46033.283666937336
 
69 54448.34722780797
 
70 45547.11002135053
 
71 45408.19806978277
 
72 50770.63109308256
 
73 54396.98121477305
 
74 42705.4193083179
 
75 51062.34366009448
 
76 48580.262941182635
 
77 51210.59399308609
 
78 50463.40557190543
 
79 51392.19137705896
 
80 47205.79168237964
 
81 46776.33235819262
 
82 50982.9868861211
 
83 55361.10389830606
 
84 52005.48511722604
 
85 53320.97006236979
 
86 56339.26010325192
 
87 56920.495293767155
 
88 52424.97841371255
 
89 51375.14300591483
 
90 54443.95596872204
 
91 50465.93493525564
 
92 49007.83899058356
 
93 49913.144575244514
 
94 52041.43633108131
 
95 51532.92876957652
 
96 50949.7223931087
 
97 49125.38851223111
 
98 50105.64996401009
 
99 54208.526313066264
 
