0 218.20755372582985
 
1 411.6853346922006
 
2 423.8442028193777
 
3 431.71397518943763
 
4 451.70111018349695
 
5 418.2878740882854
 
6 484.537416961618
 
7 407.78725495601816
 
8 420.4700388629385
 
9 422.16822034302356
 
10 388.80906903000954
 
11 419.2565131870185
 
12 442.7101712236092
 
13 386.9627644088689
 
14 409.22974119457285
 
15 449.9134286906298
 
16 397.7157965786277
 
17 465.3297062409314
 
18 431.83462363377066
 
19 413.9087570944701
 
20 432.245822068896
 
21 379.2971945981016
 
22 436.4662884915332
 
23 467.7919408612698
 
24 419.1236817654433
 
25 401.7905755386769
 
26 452.45204778359874
 
27 437.19063855460774
 
28 443.3971532051679
 
29 454.2133011139754
 
30 456.5444260393835
 
31 488.1114485670987
 
32 491.43272923276317
 
33 463.51214763045425
 
34 468.23323840356204
 
35 458.38680428590067
 
36 446.48135275711115
 
37 426.23731378223135
 
38 463.0092099112127
 
39 450.10527896992585
 
40 466.6526418867923
 
41 426.3454714883212
 
42 447.7480289418973
 
43 379.66981294417843
 
44 436.24137965995106
 
45 522.2122743827332
 
46 457.8627052915157
 
47 428.3920179361949
 
48 500.295549640806
 
49 438.669871996347
 
50 446.2391884413103
 
51 422.39475523732074
 
52 459.0690474313836
 
53 469.9909242975254
 
54 458.08485485980424
 
55 459.6711023930222
 
56 437.8380554430948
 
57 480.4914639662575
 
58 487.0381718734519
 
59 433.1138301305387
 
60 471.97602283039805
 
61 459.98971827575633
 
62 495.2021675453707
 
63 512.8243232925537
 
64 488.38997664018575
 
65 400.96352137217406
 
66 511.35360469112743
 
67 509.6077909646649
 
68 444.280041565539
 
69 465.2401373928788
 
70 483.9640084396721
 
71 449.6283519841943
 
72 483.6839279257942
 
73 444.176904677174
 
74 472.7625560992071
 
75 480.52948797416894
 
76 497.95592168862953
 
77 489.3985286560468
 
78 416.01711698357803
 
79 439.6774282896015
 
80 457.3614833480085
 
81 514.247064403911
 
82 475.4914048898487
 
83 471.7744422900745
 
84 467.2277142256459
 
85 477.5327561961057
 
86 471.3611562607323
 
87 466.20510413884926
 
88 502.20327219428566
 
89 448.6771812632056
 
90 509.9324706850255
 
91 479.8820009250311
 
92 470.6931603722701
 
93 546.489308974179
 
94 529.3979197668807
 
95 450.0027168343084
 
96 509.8914069057238
 
97 489.553033342063
 
98 471.60107271630676
 
99 475.4311656909993
 
100 509.1810449515539
 
101 476.03793162136276
 
102 462.49925404418593
 
103 497.1637893336743
 
104 490.7621039402153
 
105 488.74369493200146
 
106 518.3595404843918
 
107 446.58273415775386
 
108 498.64408038530723
 
109 516.0182190376138
 
110 523.7730273741313
 
111 530.3753990936866
 
112 497.7953293431786
 
113 465.45188046476994
 
114 458.865512450463
 
115 556.6199915254632
 
116 486.9415711080548
 
117 472.4071865181631
 
118 535.4547012729786
 
119 479.79936035221203
 
120 514.5698135054829
 
121 518.0219434519835
 
122 503.04121731082057
 
123 534.3788663927359
 
124 468.4096934482466
 
125 483.5622135982038
 
126 508.643492956601
 
127 461.7409682048633
 
128 513.2067408262886
 
129 492.2949587406819
 
130 482.5302884478273
 
131 500.4774920151104
 
132 527.5380978709795
 
133 459.1767854299983
 
134 508.48406515289474
 
135 469.7863453403924
 
136 514.1383676757824
 
137 504.66188103150586
 
138 539.5062326574475
 
139 537.3839932054996
 
140 490.82364922960727
 
141 496.801372457383
 
142 481.1012252987805
 
143 517.5105342996109
 
144 531.7058242024457
 
145 508.98381266932813
 
146 504.98765419931397
 
147 479.4905961820698
 
148 453.2691408731646
 
149 523.5788824891087
 
150 481.70928856371575
 
151 505.5637685880933
 
152 519.0233458503776
 
153 510.2280828944884
 
154 510.5342224952955
 
155 528.1541794141385
 
156 534.78100643289
 
157 464.91789572702663
 
158 527.4464643182868
 
159 517.1659649641299
 
160 442.57183966512616
 
161 480.60243424068443
 
162 521.5254948771529
 
163 532.8628517335867
 
164 482.6822112238959
 
165 504.49795046865097
 
166 505.1630012992602
 
167 476.5948115820793
 
168 508.85221196225575
 
169 523.3017059303081
 
170 485.6449806944943
 
171 496.5704738740506
 
172 470.9675933320427
 
173 488.0723883100866
 
174 515.9875874041359
 
175 545.0658866229232
 
176 507.27196173253566
 
177 474.14251419952444
 
178 504.0827425764902
 
179 499.93097403956693
 
180 502.09083437908157
 
181 464.1377533932111
 
182 502.196436880323
 
183 516.6397041092122
 
184 521.7713551367228
 
185 504.9949921182508
 
186 536.0671883804412
 
187 513.7760323994576
 
188 520.9354367120544
 
189 534.0732913370382
 
190 512.2813677691615
 
191 513.8843481479595
 
192 504.8004386778885
 
193 507.94297773076073
 
194 508.21352581981307
 
195 497.72947895705664
 
196 496.88047277227565
 
197 540.8726929281239
 
198 468.2668853473057
 
199 516.544476120823
 
0 218.77488739698336
 
1 405.235325495936
 
2 447.07291719083514
 
3 420.51205009542883
 
4 470.6191580988581
 
5 440.3180671915514
 
6 398.62053808271907
 
7 399.3956436449309
 
8 448.8800876474605
 
9 455.5701237725113
 
10 419.2233798041792
 
11 447.3336172195047
 
12 452.807429892322
 
13 425.38292391654227
 
14 455.6190297289948
 
15 436.96655836753024
 
16 454.4239894840715
 
17 437.26033527584315
 
18 446.4833528747403
 
19 438.99116506133464
 
20 500.56912556780304
 
21 396.5214381500328
 
22 421.21290930049696
 
23 428.8143397114969
 
24 483.8201524060452
 
25 403.34180717611457
 
26 431.2675207068862
 
27 497.2733306386936
 
28 399.5136675389591
 
29 453.22715282004776
 
30 438.77832760716956
 
31 473.84111943773416
 
32 465.90452632186646
 
33 455.80337481876376
 
34 455.08855853228846
 
35 478.3218658425647
 
36 433.1493646864203
 
37 428.32263686468053
 
38 467.2414900553412
 
39 434.41993802417556
 
40 444.1399083460872
 
41 495.5012856155622
 
42 446.95652564800906
 
43 454.3179801918875
 
44 459.0061023657006
 
45 432.64302192131595
 
46 469.5942890489937
 
47 457.44938984103845
 
48 483.30813266570067
 
49 485.34574034672374
 
50 473.7447932601091
 
51 456.2846384270721
 
52 470.364064537564
 
53 435.3817990687944
 
54 483.91610934640755
 
55 502.30424126788006
 
56 421.7211423068473
 
57 463.05040407183276
 
58 456.4162391341444
 
59 517.7387919644801
 
60 448.8336155979307
 
61 454.64744405453865
 
62 514.4934378771663
 
63 470.89893391894475
 
64 387.43560427173804
 
65 475.15480606891083
 
66 427.9140310508748
 
67 502.35061959522784
 
68 491.4856203306203
 
69 467.45074654793063
 
70 435.2821501032879
 
71 442.26882668871593
 
72 437.7311013909346
 
73 502.051410594879
 
74 495.1917698049438
 
75 478.84209273633314
 
76 457.680522401657
 
77 498.6182787535315
 
78 439.1385476126551
 
79 480.05699407032085
 
80 480.62018548570285
 
81 437.2825714869607
 
82 469.53101166451216
 
83 476.4006391213437
 
84 491.1160775166768
 
85 454.9776333972672
 
86 453.8509581700436
 
87 512.3537443023405
 
88 494.06507815414267
 
89 494.2990641346782
 
90 489.01265536911757
 
91 484.00086786940534
 
92 494.1868359045939
 
93 471.59746712847465
 
94 454.2048846714353
 
95 476.3918964418537
 
96 535.2511575360874
 
97 450.69538595774173
 
98 521.9417262936809
 
99 507.8212131506256
 
0 229.62071778613156
 
1 435.6173839709569
 
2 453.76493533147834
 
3 461.26991391722817
 
4 450.5845373086624
 
5 402.0870113808513
 
6 368.17847288846804
 
7 361.48916693533056
 
8 365.3263279970708
 
9 433.05089189453975
 
10 400.55526237572667
 
11 451.27992404529846
 
12 393.21592727798304
 
13 426.81328764053984
 
14 442.81534466425956
 
15 416.64931784148916
 
16 440.98199925652006
 
17 452.59919701876936
 
18 426.56158424395335
 
19 486.4344601875901
 
20 400.89879962020655
 
21 447.7376029639467
 
22 409.596196191976
 
23 432.68870548804216
 
24 417.31433052067973
 
25 410.9707567066731
 
26 410.4839780083497
 
27 404.6579892819487
 
28 418.3169822084959
 
29 440.49663377679576
 
30 448.3002917743546
 
31 390.45434270391166
 
32 479.16822859407307
 
33 402.7183402763208
 
34 419.5802802119615
 
35 480.1740984850188
 
36 491.52590121939284
 
37 389.4233656105564
 
38 479.9853717580957
 
39 445.65016549645384
 
40 461.6104110863435
 
41 457.7844973171946
 
42 436.63742814477206
 
43 441.1917628869047
 
44 470.6195666541977
 
45 458.780822218338
 
46 472.93804807776246
 
47 453.18680007723196
 
48 472.35857838103146
 
49 418.73063765986575
 
0 28160.25614022806
 
1 45212.35834975967
 
2 56490.19454475869
 
3 50475.63065925073
 
4 57207.85366192926
 
5 61024.346747543896
 
6 52516.14684590328
 
7 55327.74808785186
 
8 59456.363462234236
 
9 51506.73710609094
 
10 58937.63484693485
 
11 60793.41409483714
 
12 57772.68502627367
 
13 61450.20426946819
 
14 50712.47731914105
 
15 56217.470603933296
 
16 59080.520613510154
 
17 60633.41333265131
 
18 55648.86554935276
 
19 59987.64960504646
 
20 61452.932702333674
 
21 56206.50363505553
 
22 63635.8112607531
 
23 56048.12841137391
 
24 50634.24547504084
 
25 58452.94376532155
 
26 66904.44760151618
 
27 54083.65393028417
 
28 56392.33749027827
 
29 65976.96896468164
 
30 59715.06622063118
 
31 64689.384351312445
 
32 63123.65318204685
 
33 63765.38341509612
 
34 59283.84719753236
 
35 58156.36460993792
 
36 57998.9478486527
 
37 58656.24129567695
 
38 57811.85989996554
 
39 61563.97379064667
 
40 58549.405160877955
 
41 56119.13051262225
 
42 59288.171358337066
 
43 59765.53299552188
 
44 65993.52957942635
 
45 56678.98463755174
 
46 57728.56485365714
 
47 51476.558648042075
 
48 62216.77216750715
 
49 56820.52284111338
 
50 55905.301776325025
 
51 54670.63879980902
 
52 66227.77727304048
 
53 60984.17539043574
 
54 59777.54208666512
 
55 60350.17327506381
 
56 59174.5226495452
 
57 69670.08734180673
 
58 60887.13585140866
 
59 63754.71713124243
 
60 56601.56945958237
 
61 61043.05439029029
 
62 57101.464402084304
 
63 67374.74971232357
 
64 62799.20121924268
 
65 60397.59620734693
 
66 66856.06686751476
 
67 77286.4204026255
 
68 62991.731350179616
 
69 57421.34254605377
 
70 57569.551964082464
 
71 63007.627666068125
 
72 62701.82178421
 
73 64912.64188749494
 
74 60429.39038527833
 
75 59406.74260076642
 
76 63967.49664478926
 
77 66150.278657023
 
78 66894.29994509666
 
79 59552.48320925524
 
80 53899.52735051711
 
81 65244.68774660632
 
82 62086.521368427195
 
83 68520.63367347923
 
84 67399.01707226137
 
85 68539.68428745982
 
86 66657.5141730623
 
87 64774.44217268333
 
88 60926.26749399053
 
89 64475.02979255123
 
90 67775.59089528355
 
91 60548.9489146796
 
92 66120.26069834002
 
93 69387.47491088434
 
94 62046.485773142726
 
95 62579.79953276942
 
96 58500.41704381897
 
97 58551.503572542424
 
98 58979.945904031825
 
99 70320.6361281258
 
0 33798.416856388365
 
1 55713.29794771215
 
2 57873.06441495364
 
3 46893.90939505903
 
4 53606.950422113034
 
5 57033.40717275246
 
6 54372.36566193787
 
7 61595.83747396631
 
8 50766.28698716811
 
9 60000.958785574076
 
10 55229.98877186561
 
11 49282.70337419834
 
12 55772.57186965605
 
13 54600.99403599769
 
14 59957.32430396882
 
15 55966.24452443634
 
16 49447.13461872443
 
17 56820.81760857862
 
18 55857.56453954213
 
19 50874.677986275376
 
20 54259.798957404855
 
21 52432.1081392145
 
22 49842.87028667599
 
23 54717.84266028388
 
24 55310.531011006766
 
25 60785.51399682891
 
26 56511.41396291205
 
27 50950.99368064052
 
28 50138.7226934264
 
29 61389.228504024715
 
30 57667.34148069484
 
31 60150.19181156912
 
32 52272.73281050343
 
33 60130.2672824583
 
34 58003.420504912276
 
35 54499.404534208596
 
36 56864.816035718926
 
37 54527.23065982592
 
38 54616.436795708236
 
39 51692.43037955988
 
40 49234.16716988808
 
41 61551.007742045986
 
42 52623.4310216655
 
43 59893.92954346011
 
44 54130.12360663742
 
45 60248.08616344451
 
46 62483.80864735581
 
47 58280.13177770786
 
48 60452.00516169213
 
49 54985.727748697434
 
50 58816.750532713086
 
51 59400.347396706304
 
52 66454.03172493557
 
53 66601.79099179553
 
54 64101.950669338235
 
55 64912.43119504315
 
56 56989.74312384409
 
57 55542.495974738544
 
58 60581.4221427242
 
59 60254.44197434731
 
60 58619.96193907903
 
61 60590.86769488953
 
62 61653.20236029523
 
63 57952.95102374443
 
64 62729.93193656546
 
65 57622.05339924742
 
66 58417.103863085555
 
67 56243.14178594278
 
68 54632.476123511165
 
69 60606.857580132826
 
70 56413.92521083886
 
71 55078.93201387682
 
72 57176.3418334609
 
73 57602.46112952641
 
74 61053.0043938263
 
75 48142.04545768694
 
76 59349.58192985843
 
77 51773.62752925896
 
78 70648.54473781903
 
79 62750.26761945276
 
80 61103.03958491346
 
81 60227.47637477661
 
82 60494.50876542321
 
83 57670.345424464766
 
84 65766.89145037631
 
85 63307.54878218615
 
86 63756.32216174865
 
87 58894.93733475809
 
88 59988.3014589921
 
89 66592.55500345319
 
90 59843.11076451245
 
91 63679.56546980605
 
92 62370.22080058785
 
93 66130.3778300282
 
94 62018.674072301525
 
95 63528.840155882965
 
96 58660.89587808176
 
97 62108.963165473055
 
98 59250.9350883846
 
99 61197.91142879083
 
